function y = CT40keVTo380keV(x)

MU_40 = [0.00030
0.22762
0.26830
0.25806
0.28340
0.28193
0.28493
1.27776];

MU_380 = [0.00012
0.10327
0.10860
0.11014
0.11317
0.11306
0.11412
0.19493];

%
% Materials = [Air, Dry
% Adipose Tissue
% water
% Breast Tissue
% Lung Tissue
% Muscle, Skeletal
% Tissue, Soft
% bone cortical]
%






end